function res = rwth_blue_50()
res = [0.5546875 0.7265625 0.89653125];
end