function res = rwth_blue()
    res = [0 0.328125 0.62109375];
end